软件版本：IGSF V1.0
积分时间(ns)：1000000
I128固件版本：0.14.142.49
I128序列号：5781
2021.3.17--10:15:33************************************************************************************
0 0 0 3.92499e-10 6.56381e-10 8.13302e-10 5.824e-10 2.68036e-10 8.91731e-11 0 0 0 
0 0 6.77586e-10 1.29959e-09 1.72189e-09 1.87585e-09 1.73877e-09 1.36534e-09 5.78981e-10 1.07007e-10 0 0 
0 5.61481e-10 1.41212e-09 2.02678e-09 2.33892e-09 2.51473e-09 2.50946e-09 2.24301e-09 1.70122e-09 5.31954e-10 6.00974e-11 0 
1.94827e-10 1.02299e-09 1.94146e-09 2.48082e-09 2.93609e-09 3.15507e-09 3.03707e-09 2.74619e-09 2.27243e-09 1.25098e-09 1.97205e-10 -1.05587e-11 
2.76406e-10 1.37083e-09 2.22754e-09 2.82428e-09 3.3597e-09 3.5054e-09 3.29581e-09 2.94969e-09 2.4393e-09 1.60573e-09 3.22133e-10 -2.22463e-11 
2.86244e-10 1.46642e-09 2.35798e-09 2.952e-09 3.30986e-09 3.46569e-09 3.29656e-09 2.91215e-09 2.41617e-09 1.6285e-09 3.77314e-10 -7.04884e-12 
1.68927e-10 1.1749e-09 2.2597e-09 2.79238e-09 3.05996e-09 3.17949e-09 3.05084e-09 2.70856e-09 2.2607e-09 1.31037e-09 2.90097e-10 3.73851e-11 
5.71823e-11 5.57392e-10 1.87192e-09 2.40284e-09 2.68209e-09 2.72064e-09 2.6385e-09 2.35952e-09 1.73255e-09 7.72243e-10 1.63238e-10 -2.11903e-11 
1.8129e-11 1.59258e-10 7.98431e-10 1.75361e-09 2.1156e-09 2.18705e-09 2.03766e-09 1.59607e-09 9.1515e-10 2.92961e-10 5.46279e-11 -6.71369e-12 
0 1.99145e-12 1.55643e-10 5.14169e-10 9.08605e-10 1.05728e-09 9.17e-10 5.95981e-10 2.62339e-10 8.83154e-11 1.90949e-11 0 
0 0 1.78792e-11 3.49831e-11 1.29037e-10 2.03767e-10 1.47619e-10 1.03708e-10 2.64359e-11 -3.89395e-12 0 0 
0 0 0 9.83139e-12 -2.04961e-11 1.97693e-11 3.93693e-12 4.71136e-12 -1.09537e-11 0 0 0 


